,lever,ball,door,stick
1032,0,0,1,0
1033,0,0,2,0
1034,0,0,3,0
1035,0,0,4,0
1036,0,0,5,0
1037,0,0,6,0
1038,0,0,7,0
1039,0,0,8,0
1040,0,0,9,0
1041,0,0,10,0
1042,0,0,11,0
1043,0,0,12,0
1044,0,0,13,0
1045,0,0,14,0
1046,0,0,15,0
1047,0,0,16,0
1048,0,0,17,0
1049,0,0,18,0
1050,0,0,19,0
1051,0,0,20,0
1052,0,0,21,0
1053,0,0,22,0
1054,0,0,23,0
1055,0,0,24,0
1080,0,0,25,0
1081,0,0,26,0
1082,0,0,27,0
1083,0,0,28,0
1084,0,0,29,0
1085,0,0,30,0
1086,0,0,31,0
1087,0,0,32,0
1088,0,0,33,0
1089,0,0,34,0
1090,0,0,35,0
1091,0,0,36,0
1092,0,0,37,0
1093,0,0,38,0
1094,0,0,39,0
1095,0,0,40,0
1096,0,0,41,0
1097,0,0,42,0
1098,0,0,43,0
1099,0,0,44,0
1100,0,0,45,0
1101,0,0,46,0
1102,0,0,47,0
1103,0,0,48,0
1104,0,0,49,0
1105,0,0,50,0
1106,0,0,51,0
1107,0,0,52,0
1108,0,0,53,0
1109,0,0,54,0
1110,0,0,55,0
1111,0,0,56,0
1112,0,0,57,0
1113,0,0,58,0
1114,0,0,59,0
1115,0,0,60,0
1116,0,0,61,0
1117,0,0,62,0
1136,0,0,63,0
1137,0,0,64,0
1138,0,0,65,0
1139,0,0,66,0
1140,0,0,67,0
1141,0,0,68,0
1142,0,0,69,0
1143,0,0,70,0
1144,0,0,71,0
1145,0,0,72,0
1146,0,0,73,0
1157,0,0,74,0
1158,0,0,75,0
1159,0,0,76,0
1160,0,0,77,0
1161,0,0,78,0
1162,0,0,79,0
1163,0,0,80,0
1164,0,0,81,0
1165,0,0,82,0
1166,0,0,83,0
1167,0,0,84,0
1168,0,0,85,0
1169,0,0,86,0
1170,0,0,87,0
1171,0,0,88,0
1172,0,0,89,0
1173,0,0,90,0
1174,0,0,91,0
1175,0,0,92,0
1176,0,0,93,0
1177,0,0,94,0
1178,0,0,95,0
1179,0,0,96,0
1180,0,0,97,0
1181,0,0,98,0
1182,0,0,99,0
1183,0,0,100,0
1184,0,0,101,0
1185,0,0,102,0
1186,0,0,103,0
1187,0,0,104,0
1188,0,0,105,0
1189,0,0,106,0
1190,0,0,107,0
1191,0,0,108,0
1192,0,0,109,0
1193,0,0,110,0
1194,0,0,111,0
1195,0,0,112,0
1196,0,0,113,0
1197,0,0,114,0
1198,0,0,115,0
1199,0,0,116,0
1200,0,0,117,0
1201,0,0,118,0
1202,0,0,119,0
1203,0,0,120,0
1204,0,0,121,0
1205,0,0,122,0
1206,0,0,123,0
1207,0,0,124,0
1208,0,0,125,0
1239,0,0,126,0
1240,0,0,127,0
1241,0,0,128,0
1242,0,0,129,0
1243,0,0,130,0
1244,0,0,131,0
1245,0,0,132,0
1246,0,0,133,0
1247,0,0,134,0
1248,0,0,135,0
1249,0,0,136,0
1250,0,0,137,0
1251,0,0,138,0
1252,0,0,139,0
1253,0,0,140,0
1254,0,0,141,0
1255,0,0,142,0
1256,0,0,143,0
1257,0,0,144,0
1258,0,0,145,0
1259,0,0,146,0
1260,0,0,147,0
1261,0,0,148,0
1277,0,1,148,0
1278,0,2,148,0
1279,0,3,148,0
1280,0,4,148,0
1281,0,5,148,0
1282,0,6,148,0
1283,0,7,148,0
1284,0,8,148,0
1285,0,9,148,0
1286,0,10,148,0
1287,0,11,148,0
1288,0,12,148,0
1289,0,13,148,0
1290,0,14,148,0
1291,0,15,148,0
1292,0,16,148,0
1293,0,17,148,0
1294,0,18,148,0
1474,0,18,149,0
1475,0,18,150,0
1476,0,18,151,0
1477,0,18,152,0
1478,0,18,153,0
1479,0,18,154,0
1480,0,18,155,0
1481,0,18,156,0
1482,0,18,157,0
1483,0,18,158,0
1484,0,18,159,0
1485,0,18,160,0
1486,0,18,161,0
1487,0,18,162,0
1488,0,18,163,0
1489,0,18,164,0
1490,0,18,165,0
1491,0,18,166,0
1492,0,18,167,0
1493,0,18,168,0
1494,0,18,169,0
1495,0,18,170,0
1496,0,18,171,0
1497,0,18,172,0
1498,0,18,173,0
1499,0,18,174,0
1500,0,18,175,0
1501,0,18,176,0
1502,0,18,177,0
1504,0,18,178,0
1505,0,18,179,0
1506,0,18,180,0
1507,0,18,181,0
1508,0,18,182,0
1509,0,18,183,0
1510,0,18,184,0
1511,0,19,185,0
1512,0,20,186,0
1513,0,21,187,0
1514,0,22,188,0
1515,0,23,188,0
1516,0,24,188,0
1517,0,25,188,0
1518,0,26,188,0
1519,0,27,189,0
1520,0,28,190,0
1521,0,28,191,0
1522,0,28,192,0
1523,0,28,193,0
1524,0,28,194,0
1525,0,29,195,0
1526,0,29,196,0
1527,0,29,197,0
1528,0,30,198,0
1529,0,31,199,0
1530,0,32,200,0
1531,0,33,201,0
1532,0,33,202,0
1533,0,33,203,0
1534,0,33,204,0
1535,0,34,205,0
1536,0,34,206,0
1591,0,35,206,0
1592,0,36,206,0
1593,0,37,206,0
1594,0,38,206,0
1863,1,38,206,0
1864,2,38,206,0
1865,3,38,206,0
1866,4,38,206,0
1867,5,38,206,0
1868,6,38,206,0
1869,7,38,206,0
1870,8,38,206,0
1871,9,38,206,0
1872,10,38,206,0
1873,11,38,206,0
1883,12,38,206,0
1884,13,38,206,0
1885,14,38,206,0
1886,15,38,206,0
1901,16,38,206,0
1902,17,38,206,0
1903,18,38,206,0
1904,19,38,206,0
1905,20,38,206,0
1906,21,38,206,0
1907,22,38,206,0
1908,23,38,206,0
1909,24,38,206,0
1910,25,38,206,0
1911,26,38,206,0
1912,27,38,206,0
2066,27,38,207,0
2067,27,38,208,0
2068,27,38,209,0
2069,27,38,210,0
2070,27,38,211,0
2071,27,38,212,0
2072,27,38,213,0
2073,27,38,214,0
2074,27,38,215,0
2075,27,38,216,0
2076,27,38,217,0
2077,27,38,218,0
2078,27,38,219,0
2113,27,38,220,0
2114,27,38,221,0
2115,27,38,222,0
2116,27,38,223,0
2117,27,38,224,0
2118,27,38,225,0
2119,27,38,226,0
2120,27,38,227,0
2121,27,38,228,0
2122,27,38,229,0
2123,27,38,230,0
2124,27,38,231,0
2125,27,38,232,0
2126,27,38,233,0
2127,27,38,234,0
2128,27,38,235,0
2129,27,38,236,0
2130,27,38,237,0
2131,27,38,238,0
2132,27,38,239,0
2133,27,38,240,0
2134,27,38,241,0
2135,27,38,242,0
2136,27,38,243,0
2137,27,38,244,0
2138,27,38,245,0
2139,27,38,246,0
2140,27,38,247,0
2141,27,38,248,0
2146,27,38,249,0
2147,27,38,250,0
2148,27,38,251,0
2149,27,38,252,0
2150,27,38,253,0
2151,27,39,254,1
2152,27,40,255,2
2153,27,41,255,3
2154,27,42,255,4
2155,27,43,255,5
2156,27,44,255,5
2157,27,45,255,5
2158,27,46,255,5
2159,27,47,255,5
2160,27,48,255,5
2164,27,49,255,5
2165,27,50,255,5
2166,27,51,255,5
2167,27,52,255,5
2168,27,53,255,5
2169,27,54,255,5
2170,27,55,255,5
2171,27,56,255,5
2172,27,57,255,5
2173,27,58,255,5
2174,27,59,255,5
2175,27,60,255,5
2176,27,61,255,5
2177,27,62,255,5
2178,27,63,255,5
2186,27,63,255,6
2254,27,64,255,6
2255,27,65,255,6
2256,27,66,255,6
2257,27,67,255,6
2258,27,68,255,6
2259,27,69,255,6
2274,27,70,255,6
2281,27,70,255,7
2282,27,70,255,8
2283,27,71,255,9
2284,27,72,255,10
2285,27,73,255,11
2286,27,74,255,12
2287,27,75,255,13
2289,27,75,256,13
2304,27,76,256,13
2305,27,77,256,13
2306,27,78,256,13
2307,27,79,256,13
2322,27,80,256,13
2323,27,81,256,13
2324,27,82,256,13
2325,27,83,256,13
2326,27,84,256,13
2327,27,85,256,13
2328,27,86,256,13
2330,27,87,256,13
2331,27,88,256,13
2332,27,89,256,13
2333,27,90,256,13
2341,27,90,256,14
2347,27,91,256,14
2372,27,91,256,15
2373,27,91,256,16
2374,27,91,256,17
2375,27,91,256,18
2376,27,91,256,19
2377,27,91,256,20
2378,27,91,256,21
2379,27,91,256,22
2380,27,91,256,23
2381,27,91,256,24
2382,27,91,256,25
2383,27,91,256,26
2384,27,91,256,27
2385,27,91,256,28
2386,28,91,256,28
2387,29,91,256,28
2388,30,91,256,28
2389,31,91,256,28
2390,32,91,256,28
2391,33,91,256,28
2392,34,91,256,28
2672,35,91,256,28
2673,36,91,256,28
2674,37,91,256,28
2675,38,91,256,28
2676,39,91,256,28
2677,40,91,256,28
2678,41,91,256,28
2679,42,91,256,28
2680,43,91,256,28
2681,44,91,256,28
2682,45,91,256,28
2683,46,91,256,28
2684,47,91,256,28
2685,48,91,256,28
2693,49,91,256,28
2694,50,91,256,28
2695,51,91,256,28
2696,52,91,256,28
2697,53,91,256,28
2698,54,91,256,28
2702,55,91,256,28
2703,56,91,256,28
2704,57,91,256,28
2705,58,91,256,28
2719,59,91,256,28
2720,60,91,256,28
2721,61,91,256,28
2722,62,91,256,28
2723,63,91,256,28
2724,64,91,256,28
2725,65,91,256,28
2726,66,91,256,28
2727,67,91,256,28
2728,68,91,256,28
2729,69,91,256,28
2730,70,91,256,28
2731,71,91,256,28
2732,72,91,256,28
2733,73,91,256,28
2734,74,91,256,28
2735,75,91,256,28
2736,76,91,256,28
2737,77,91,256,28
2738,78,91,256,28
2739,79,91,256,28
2740,80,91,256,28
2741,81,91,256,28
2742,82,91,256,28
2743,83,91,256,28
2744,84,91,256,28
2745,85,91,256,28
2746,86,91,256,28
2753,86,91,256,29
2754,86,91,256,30
2755,86,91,256,31
2756,86,91,256,32
2757,86,91,256,33
2758,86,91,256,34
2759,86,91,256,35
2760,86,91,256,36
2761,86,91,256,37
2812,86,91,257,37
2813,86,91,258,37
2814,86,91,259,37
2815,86,91,260,37
2816,86,91,261,37
2817,86,91,262,37
2818,86,91,263,37
2819,86,91,264,37
2820,86,91,265,37
2821,86,91,266,37
2822,86,91,267,37
2823,87,91,268,37
2824,87,91,269,37
2825,87,91,270,37
2826,87,91,271,37
2828,88,91,271,37
2829,89,91,272,37
2830,90,91,272,37
2831,91,91,272,37
2832,92,91,272,37
2833,93,91,273,37
2838,93,91,274,37
2839,93,91,275,37
2840,93,91,276,37
2841,93,91,277,37
2842,93,91,278,37
2843,93,91,279,37
2844,93,91,280,37
2845,93,91,281,37
2846,93,91,282,37
2847,93,91,283,37
2848,93,91,284,37
2849,93,91,285,37
2850,93,91,286,37
2851,93,91,287,37
2852,93,91,288,37
2853,93,91,289,37
2854,93,92,290,37
2855,93,93,291,37
2856,93,94,291,37
2857,93,95,291,37
2858,93,96,291,37
2906,93,97,291,37
2913,93,97,291,38
2914,93,97,291,39
2915,93,97,291,40
2916,93,97,291,41
2917,93,97,291,42
2918,93,97,291,43
2919,93,97,291,44
2920,93,97,291,45
2921,93,97,291,46
2922,93,97,291,47
2923,93,97,291,48
2924,93,97,291,49
2925,93,97,291,50
2963,93,97,291,51
2964,93,97,291,52
2965,93,97,291,53
2966,93,97,291,54
2967,93,97,291,55
2968,93,97,291,56
2969,93,97,291,57
2970,93,97,291,58
3172,94,97,291,58
3173,95,97,291,58
3174,96,97,291,58
3175,97,97,291,58
3176,98,97,291,58
3177,99,97,291,58
3178,100,97,291,58
3179,101,97,291,58
3180,102,97,291,58
3181,103,97,291,58
3182,104,97,291,58
3183,105,97,291,58
3184,106,97,292,58
3185,107,97,293,58
3186,108,97,294,58
3187,109,97,295,58
3188,110,97,296,58
3189,111,97,297,58
3190,112,97,298,58
3191,112,97,299,58
3192,112,97,300,58
3193,112,97,301,58
3194,112,97,302,58
3195,112,97,303,58
3196,112,97,304,58
3197,112,97,305,58
3198,112,97,306,58
3199,112,97,307,58
3200,112,97,308,58
3201,112,97,309,58
3202,112,97,310,58
3203,112,97,311,58
3204,112,97,312,58
3205,112,97,313,58
3206,112,97,314,58
3207,112,97,315,58
3208,112,97,316,58
3209,112,97,317,58
3210,112,97,318,58
3211,112,97,319,58
3212,112,97,320,58
3213,112,97,321,58
3214,112,97,322,58
3215,112,97,323,58
3216,112,97,324,58
3217,112,97,325,58
3259,112,97,326,58
3260,112,97,327,58
3261,112,97,328,58
3262,112,97,329,58
3271,112,97,330,58
3521,112,97,331,58
3522,112,97,332,58
3523,112,97,333,58
3524,112,97,334,58
3525,112,97,335,58
3526,112,97,336,58
3527,112,97,337,58
3528,112,97,338,58
3529,112,97,339,58
3530,112,97,340,58
3531,112,97,341,58
3532,112,97,342,58
3533,112,97,343,58
3534,112,97,344,58
3535,112,97,345,58
3536,112,97,346,58
3537,112,97,347,58
3538,112,97,348,58
3539,112,97,349,58
3540,112,97,350,58
3541,112,97,351,58
3653,112,97,352,58
3654,112,97,353,58
3655,112,97,354,58
3656,112,97,355,58
3657,112,97,356,58
3658,112,97,357,58
3659,112,97,358,58
3660,112,97,359,58
3661,112,97,360,58
3662,112,97,361,58
3663,112,97,362,58
3664,112,97,363,58
3665,112,97,364,58
3666,112,97,365,58
3667,112,97,366,58
3668,112,97,367,58
3672,112,97,368,58
3673,112,97,369,58
3674,112,97,370,58
3675,112,97,371,58
3676,112,97,372,58
3677,112,97,373,58
3678,112,97,374,58
3679,112,97,375,58
3680,112,97,376,58
3681,112,97,377,58
3682,112,97,378,58
3683,112,97,379,58
3684,112,97,380,58
3685,112,97,381,58
3686,112,97,382,58
3687,112,97,383,58
3688,112,97,384,58
3689,112,97,385,58
3690,112,97,386,58
3691,112,97,387,58
3692,112,97,388,58
3697,112,97,389,58
3698,112,97,390,58
3699,112,97,391,58
3700,112,97,392,58
3701,112,97,393,58
3702,112,97,394,58
3703,112,97,395,58
3704,112,97,396,58
3725,112,97,397,58
3726,112,97,398,58
3727,112,97,399,58
3728,112,97,400,58
3729,112,97,401,58
3730,112,97,402,58
3731,112,97,403,58
3732,112,97,404,58
3733,112,97,405,58
3734,112,97,406,58
3735,112,97,407,58
3736,112,97,408,58
3737,112,97,409,58
3743,113,97,410,58
3744,114,97,411,58
3745,115,97,412,58
3746,116,97,413,58
3747,117,97,414,58
3750,118,97,415,58
3751,119,97,416,58
3752,120,97,417,58
3753,121,97,418,58
3754,122,97,419,58
3755,123,97,420,58
3756,123,97,421,58
3757,123,97,422,58
3767,123,97,423,58
3768,123,97,424,58
3769,123,97,425,58
3770,124,97,426,58
3771,125,97,427,58
3772,126,97,428,58
3773,127,97,429,58
3774,128,97,430,58
3775,129,97,431,58
3776,130,97,432,58
3777,131,97,432,58
3778,132,97,432,58
3779,133,97,432,58
3780,134,97,432,58
3781,135,97,432,58
3782,136,97,432,58
3783,137,97,432,58
3784,138,97,432,58
3785,139,97,432,58
3790,139,97,433,58
3853,140,97,433,58
3854,141,97,433,58
3855,142,97,433,58
3856,143,97,433,58
3857,144,97,433,58
3858,145,97,433,58
3865,146,97,433,58
3866,147,97,433,58
3867,148,97,433,58
3868,149,97,433,58
3869,150,97,433,58
3870,151,97,433,58
3871,152,97,433,58
3872,153,97,433,58
3873,154,97,433,58
3874,155,97,433,58
3875,156,97,433,58
3876,157,97,433,58
3877,158,97,433,58
3878,159,97,433,58
3879,160,97,433,58
3880,161,97,433,58
3881,162,97,433,58
3882,163,97,433,58
3883,164,97,433,58
3884,165,97,433,58
4107,165,97,434,58
4108,165,97,435,58
4109,165,97,436,58
4110,165,97,437,58
4111,165,97,438,58
4112,165,97,439,58
4113,165,97,440,58
4114,165,97,441,58
4115,165,97,442,58
4116,165,97,443,58
4117,165,97,444,58
4118,165,97,445,58
4119,165,97,446,58
4120,165,97,447,58
4121,165,97,448,58
4143,165,97,449,58
4144,165,97,450,58
4145,165,97,451,58
4146,165,97,452,58
4147,165,97,453,58
4148,165,97,454,58
4149,165,97,455,58
4150,165,97,456,58
4151,165,97,457,58
4152,165,97,458,58
4153,165,97,459,58
4154,165,97,460,58
4155,165,97,461,58
4156,165,97,462,58
4157,165,97,463,58
4158,165,97,464,58
4159,165,97,465,58
4160,165,97,466,58
4161,165,97,467,58
4162,165,97,468,58
4177,165,98,469,59
4178,165,99,469,60
4179,165,100,469,61
4180,165,101,469,62
4181,165,102,469,63
4182,165,103,469,64
4183,165,104,469,64
4184,165,105,469,65
4185,165,106,469,66
4186,165,107,469,67
4187,165,108,469,68
4188,165,109,469,68
4189,165,110,469,68
4207,165,111,469,68
4208,165,112,469,68
4209,165,113,469,68
4210,165,114,469,68
4211,165,115,469,68
4212,165,116,469,68
4321,165,117,469,68
4333,166,117,469,68
4334,167,117,469,68
4335,168,117,469,68
4336,169,117,469,68
4337,170,117,469,68
4378,170,117,469,69
4379,170,117,469,70
4380,170,117,469,71
4381,170,117,469,72
4382,170,117,469,73
4383,170,117,469,74
4384,170,117,469,75
4385,170,117,469,76
4386,170,117,469,77
4387,170,117,469,78
4388,170,117,469,79
4389,170,117,469,80
4390,170,117,469,81
4399,170,117,469,82
4400,170,117,469,83
4401,170,117,469,84
4402,170,117,469,85
4403,170,117,469,86
4404,170,117,469,87
4491,170,117,470,87
4492,170,117,471,87
4493,170,117,472,87
4494,170,117,473,87
4495,170,117,474,87
4496,170,117,475,87
4497,170,117,476,87
4498,170,117,477,87
4499,170,117,478,87
4500,170,117,479,87
4501,170,117,480,87
4502,170,117,481,87
4503,170,117,482,87
4504,170,117,483,87
4505,170,117,484,87
4506,170,117,485,87
4507,170,117,486,87
5298,170,117,487,87
5327,171,117,487,87
5328,172,117,487,87
5329,173,117,487,87
5330,174,117,487,87
5331,175,117,487,87
5332,176,117,487,87
5337,177,117,487,87
5338,178,117,487,87
5339,179,117,487,87
5340,180,117,487,87
5341,181,117,487,87
5342,182,117,487,87
5343,183,117,487,87
5344,184,117,487,87
5345,185,117,487,87
5346,186,117,487,87
5347,187,117,487,87
5348,188,117,487,87
5349,189,117,487,87
5350,190,117,487,87
5351,191,117,487,87
5352,192,117,487,87
5353,193,117,487,87
5354,194,117,487,87
5355,195,117,487,87
5356,196,117,487,87
5357,197,117,487,87
5358,198,117,487,87
5359,199,117,487,87
5360,200,117,487,87
5361,201,117,487,87
5362,202,117,487,87
5363,203,117,487,87
5364,204,117,487,87
5365,205,117,487,87
5366,206,117,487,87
5367,207,117,487,87
5368,208,117,487,87
5369,209,117,487,87
5370,210,117,487,87
5371,211,117,487,87
5372,212,117,487,87
5373,213,117,487,87
5374,214,117,487,87
5375,215,117,487,87
5376,216,117,487,87
5377,217,117,487,87
5378,218,117,487,87
5379,219,117,487,87
5381,220,117,487,87
5382,221,117,487,87
5383,222,117,487,87
5384,223,117,487,87
5385,224,117,487,87
5386,225,117,487,87
5387,226,117,487,87
5388,227,117,487,87
5389,228,117,487,87
5390,229,117,487,87
5391,230,117,487,87
5392,231,117,487,87
5393,232,117,487,87
5394,233,117,487,87
5395,234,117,487,87
5396,235,117,487,87
5397,236,117,487,87
5398,237,117,487,87
6405,238,117,487,87
6406,239,117,487,87
6407,240,117,487,87
6408,241,117,487,87
6409,242,117,487,87
6410,243,117,487,87
6411,244,117,487,87
6412,245,117,487,87
6413,246,117,487,87
6414,247,117,487,87
6415,248,117,487,87
6416,249,117,487,87
6417,250,117,487,87
6418,251,117,487,87
6438,251,117,488,87
6439,251,117,489,87
6440,251,117,490,87
6441,251,117,491,87
6442,251,117,492,87
6443,251,117,493,87
6444,251,117,494,87
6445,251,117,495,87
6446,251,117,496,87
6447,251,117,497,87
6448,251,117,498,87
6449,251,117,499,87
6476,251,117,500,87
6480,251,117,501,87
6481,251,117,502,87
6482,251,117,503,87
6483,251,117,504,87
6484,251,117,505,87
6485,251,117,506,87
6486,251,117,507,87
6487,251,117,508,87
6488,251,117,509,87
6489,251,117,510,87
6490,251,117,511,87
6491,251,117,512,87
6492,251,117,513,87
6493,251,117,514,87
6494,251,117,515,87
6495,251,117,516,87
6496,251,117,517,87
6497,251,117,518,87
6498,251,117,519,87
6505,251,117,520,87
6506,251,117,521,87
6507,251,117,522,87
6508,251,117,523,87
6509,251,117,524,87
6510,251,117,525,87
6511,251,117,526,87
6512,251,117,527,87
6513,251,117,528,87
6514,251,117,529,87
6515,251,118,530,87
6516,251,119,531,87
6517,251,120,532,87
6518,251,121,533,87
6519,251,122,534,87
6520,251,123,535,87
6521,251,124,535,87
6536,251,125,535,87
6537,251,126,535,87
6538,251,127,535,87
6539,251,128,535,87
6540,251,129,535,87
6546,252,129,535,87
6547,253,129,535,87
6548,254,129,535,87
6549,255,129,535,87
6550,256,129,535,87
6982,257,129,535,87
6983,258,129,535,87
6984,259,129,535,87
6985,260,129,535,87
6986,261,129,535,87
6987,262,129,535,87
6988,263,129,535,87
6989,264,129,535,87
6990,265,129,535,87
6991,266,129,535,87
6992,267,129,535,87
6993,268,129,535,87
6994,269,129,535,87
6995,270,129,535,87
6999,271,129,535,87
7000,272,129,535,87
7001,273,129,535,87
7002,274,129,535,87
7003,275,129,535,87
7004,276,129,535,87
7005,277,129,535,87
7006,278,129,535,87
7007,279,129,535,87
7008,280,129,535,87
7009,281,129,535,87
7010,282,129,535,87
7011,283,129,535,87
7012,284,129,535,87
7013,285,129,535,87
7014,286,129,535,87
7015,287,129,535,87
7016,288,129,535,87
7019,289,129,535,87
7020,290,129,535,87
7021,291,129,535,87
7022,292,129,535,87
7023,293,129,535,87
7024,294,129,535,87
7025,295,129,535,87
7026,296,129,535,87
7027,297,129,535,87
7028,298,129,535,87
7029,299,129,535,87
7030,300,129,535,87
7031,301,129,535,87
7032,302,129,535,87
7033,303,129,535,87
7034,304,129,535,87
7035,305,129,535,87
7036,306,129,535,87
7037,307,129,536,87
7038,308,129,536,87
7041,309,129,537,87
7042,309,129,538,87
7043,309,129,539,87
7044,309,129,540,87
7045,309,129,541,87
7046,309,129,542,87
7047,309,129,543,87
7048,309,129,544,87
7049,309,129,545,87
7053,310,129,545,87
7054,311,129,545,87
7055,312,129,545,87
7056,313,129,545,87
7057,314,129,545,87
7064,314,129,546,87
7065,314,129,547,87
7066,314,129,548,87
7067,314,129,549,87
7068,314,129,550,87
7069,314,129,551,87
7070,314,129,552,87
7071,314,129,553,87
7072,314,129,554,87
7080,314,129,555,87
7081,314,129,556,87
7082,314,129,557,87
7083,314,129,558,87
7084,314,129,559,87
7085,314,129,560,87
7086,314,129,561,87
7087,314,129,562,87
7088,314,129,563,87
7109,314,129,564,87
7110,314,129,565,87
7111,314,129,566,87
7112,314,129,567,87
7113,314,129,568,87
7114,314,129,569,87
7433,315,129,569,87
7434,316,129,569,87
7435,317,129,569,87
7436,318,129,569,87
7437,319,129,569,87
7438,320,129,569,87
7439,321,129,569,87
7440,322,129,569,87
7441,323,129,569,87
7442,324,129,569,87
7450,324,129,570,87
7451,324,129,571,87
7452,324,129,572,87
7453,324,129,573,87
7454,324,129,574,87
7455,324,129,575,87
7456,324,129,576,87
7457,324,129,577,87
7458,324,129,578,87
7459,324,129,579,87
7460,324,129,580,87
7461,324,129,581,87
7462,324,129,582,87
7463,325,129,583,87
7464,326,129,584,87
7465,327,129,584,87
7466,328,129,584,87
7467,329,129,584,87
7468,330,129,584,87
7469,331,129,584,87
7470,332,129,584,87
7471,333,129,584,87
7472,334,129,584,87
7473,335,129,584,87
7474,336,129,584,87
7475,337,129,584,87
7478,337,129,585,87
7479,337,129,586,87
7480,337,129,587,87
7481,337,129,588,87
7482,337,129,589,87
7483,337,129,590,87
7484,337,129,591,87
7485,337,129,592,87
7486,337,129,593,87
7495,338,129,593,87
7496,339,129,593,87
7497,340,129,594,87
7498,341,129,595,87
7499,342,129,596,87
7500,343,129,597,87
7501,344,129,597,87
7502,345,129,597,87
7503,346,129,597,87
7504,346,129,598,87
7505,346,129,599,87
7506,346,129,600,87
7507,346,129,601,87
7508,346,129,602,87
7509,346,129,603,87
7510,346,129,604,87
7511,346,129,605,87
7512,346,129,606,87
7513,347,129,607,87
7514,348,129,608,87
7515,349,129,608,87
7516,350,129,608,87
7517,351,129,608,87
7518,352,129,608,87
7519,353,129,608,87
7522,354,129,608,87
7523,355,129,608,87
7524,356,129,608,87
7525,357,129,608,87
7526,358,129,608,87
7527,359,129,608,87
7528,360,129,608,87
7530,361,129,608,87
7531,362,129,608,87
7532,363,129,608,87
7533,364,129,608,87
7534,365,129,608,87
7535,366,129,609,87
7536,367,129,610,87
7537,368,129,611,87
7538,369,129,612,87
7539,370,129,613,87
7540,370,129,614,87
7542,370,129,615,87
7543,370,129,616,87
7544,370,129,617,87
7545,370,129,618,87
7546,370,129,619,87
7547,370,129,620,87
7548,370,129,621,87
7549,370,129,622,87
7550,370,129,623,87
7551,370,129,624,87
7552,370,129,625,87
7561,370,129,626,87
7562,370,129,627,87
7563,370,129,628,87
7564,370,129,629,87
7565,370,129,630,87
7608,370,129,631,87
7609,370,129,632,87
7610,370,129,633,87
7611,370,129,634,87
7612,370,129,635,87
7613,370,129,636,87
7622,370,129,637,87
7623,370,129,638,87
7624,370,129,639,87
7625,370,129,640,87
7626,370,129,641,87
7644,370,129,642,87
7645,370,129,643,87
7646,370,130,644,87
7647,370,131,645,88
7648,370,132,645,89
7649,370,133,645,90
7650,370,134,645,91
7651,370,135,645,91
7652,370,136,645,91
7653,370,137,645,91
7654,370,138,645,91
7655,370,139,645,91
7656,370,140,645,91
7657,370,141,645,91
7658,370,142,645,92
7659,370,143,645,93
7660,370,144,645,94
7661,370,145,645,95
7662,370,146,645,96
7663,370,147,645,97
7664,370,148,645,98
7665,370,149,645,99
7666,370,150,645,100
7667,370,150,646,100
7708,370,151,647,100
7709,370,152,647,101
7710,370,153,647,102
7711,370,154,647,103
7712,370,155,647,104
7713,370,156,647,105
7714,370,157,647,105
7715,370,158,647,105
7716,370,159,647,105
7717,370,160,647,105
7718,370,161,647,105
7719,370,162,647,105
7720,370,163,647,105
7721,370,164,647,105
7722,370,165,647,105
7723,370,166,647,105
7724,370,167,647,105
7725,370,168,647,105
7726,370,169,647,105
7727,370,170,647,105
7728,370,171,647,105
7729,370,172,647,105
7730,370,173,647,105
7731,370,174,647,105
7732,370,175,647,105
7733,370,176,647,105
7734,370,177,647,105
7735,370,178,647,105
7736,370,179,647,105
7754,370,180,647,105
7755,370,181,647,105
7756,370,182,647,105
7757,370,183,647,105
7766,370,183,647,106
7767,370,183,647,107
7768,370,183,647,108
7769,370,183,647,109
7770,370,183,647,110
7771,370,183,647,111
7774,370,183,647,112
7775,370,183,647,113
7776,370,183,647,114
7777,370,183,647,115
7778,370,183,647,116
7779,370,183,647,117
7780,370,183,647,118
7781,370,183,647,119
7782,370,183,647,120
7783,370,183,647,121
7784,370,183,647,122
7785,370,183,647,123
7786,370,183,647,124
7787,370,183,647,125
7788,370,183,647,126
7789,370,183,647,127
7790,370,183,647,128
7791,370,183,647,129
7792,370,183,647,130
7793,370,183,647,131
7794,370,183,647,132
7795,370,183,647,133
7796,370,183,647,134
7797,370,183,647,135
7818,370,184,647,135
7819,370,185,647,135
7820,370,186,647,135
7835,370,187,647,135
7836,370,188,647,135
7837,370,189,647,135
7838,370,190,647,135
7839,370,191,647,135
7840,370,192,647,135
7848,370,193,647,135
7849,370,194,647,135
7850,370,195,647,135
7851,370,196,647,135
7852,370,197,647,135
7853,370,198,647,135
7854,370,199,647,135
7855,370,200,647,135
7856,370,201,647,135
7913,371,201,647,135
7914,372,201,647,135
7915,373,201,647,135
7916,374,201,647,135
7917,375,201,647,135
7918,376,201,647,135
7919,377,201,647,135
9890,377,201,648,135
9891,377,201,649,135
9892,377,201,650,135
9893,377,201,651,135
9894,377,201,652,135
9895,377,201,653,135
9896,377,201,654,135
9897,377,201,655,135
9898,377,201,656,135
9899,377,201,657,135
9900,377,201,658,135
9901,377,201,659,135
9902,377,201,660,135
9903,377,201,661,135
9904,377,201,662,135
9905,377,201,663,135
9906,377,201,664,135
9907,377,201,665,135
9908,377,201,666,135
9909,377,201,667,135
9910,377,201,668,135
9911,377,201,669,135
9912,377,201,670,135
9913,377,201,671,135
9914,377,201,672,135
9915,377,201,673,135
9916,377,201,674,135
9917,377,201,675,135
9918,377,201,676,135
9919,377,201,677,135
9920,377,201,678,135
9921,377,201,679,135
9922,377,201,680,135
9923,377,201,681,135
9924,377,201,682,135
9925,377,201,683,135
9926,377,201,684,135
9927,377,201,685,135
9928,377,201,686,135
9929,377,201,687,135
9930,377,201,688,135
10768,378,201,688,135
10769,379,201,688,135
10770,380,201,688,135
10771,381,201,688,135
10783,381,201,689,135
10784,381,201,690,135
10785,381,201,691,135
10786,381,201,692,135
10787,381,201,693,135
10788,381,201,694,135
10789,381,201,695,135
10790,381,201,696,135
10791,381,201,697,135
10792,381,201,698,135
10793,381,201,699,135
10794,381,201,700,135
10795,381,201,701,135
10796,381,201,702,135
10797,381,201,703,135
10798,381,201,704,135
10799,381,201,705,135
10800,381,201,706,135
10801,381,201,707,135
10802,381,201,708,135
10803,381,201,709,135
10804,381,201,710,135
10805,381,201,711,135
10806,381,201,712,135
10807,381,201,713,135
10808,381,201,714,135
10809,381,201,715,135
10810,381,201,716,135
10811,381,201,717,135
10812,381,201,718,135
10813,381,201,719,135
10815,381,201,720,135
10816,381,201,721,135
10817,381,201,722,135
10818,381,201,723,135
10819,381,201,724,135
11111,381,201,725,135
11112,381,201,726,135
11113,381,201,727,135
11114,381,201,728,135
11115,381,201,729,135
11116,381,201,730,135
11117,381,201,731,135
11118,381,201,732,135
11119,381,201,733,135
11120,381,201,734,135
11121,381,201,735,135
11122,381,201,736,135
11123,381,201,737,135
11124,381,201,738,135
11125,381,201,739,135
11126,381,201,740,135
11127,381,201,741,135
11128,381,201,742,135
11129,381,201,743,135
11130,381,201,744,135
11131,381,201,745,135
11132,381,201,746,135
11133,381,201,747,135
11134,381,201,748,135
11135,381,201,749,135
11136,381,201,750,135
11137,381,201,751,135
11138,381,201,752,135
11139,381,201,753,135
11140,381,201,754,135
11141,381,201,755,135
11142,381,201,756,135
11143,381,201,757,135
11144,381,201,758,135
11145,381,201,759,135
11146,381,201,760,135
11147,381,201,761,135
11148,381,201,762,135
11149,381,201,763,135
11150,381,201,764,135
11151,381,201,765,135
11152,381,201,766,135
11153,381,201,767,135
11154,381,201,768,135
11155,381,201,769,135
11156,381,201,770,135
11157,381,201,771,135
11158,381,201,772,135
11159,381,201,773,135
11160,381,201,774,135
11161,381,201,775,135
11162,381,201,776,135
11163,381,201,777,135
11164,381,201,778,135
11165,381,201,779,135
11166,381,201,780,135
11167,381,201,781,135
11168,381,201,782,135
11169,381,201,783,135
11170,381,201,784,135
11171,381,201,785,135
11172,381,201,786,135
11173,381,201,787,135
11174,381,201,788,135
11175,381,201,789,135
11176,381,201,790,135
11177,381,201,791,135
11178,381,201,792,135
11179,381,201,793,135
11180,381,201,794,135
11181,381,201,795,135
11182,381,201,796,135
11183,381,201,797,135
11184,381,202,798,135
11185,381,203,799,135
11186,381,204,800,135
11187,381,205,801,135
11188,381,206,801,136
11189,381,207,801,137
11190,381,208,801,138
11191,381,209,801,139
11192,381,210,801,140
11193,381,211,801,141
11194,381,211,801,142
11195,381,211,801,143
11196,381,211,801,144
11197,381,211,801,145
11198,381,211,801,146
11199,381,211,801,147
11200,381,211,801,148
11212,382,211,801,148
11213,383,211,801,148
11214,384,211,801,148
11215,385,211,801,148
11886,386,211,801,148
11887,387,211,801,148
11888,388,211,801,148
11889,389,211,801,148
11890,390,211,801,148
11891,391,211,801,148
11892,392,211,801,148
11893,393,211,801,148
11894,394,211,801,148
11895,395,211,801,148
11907,396,211,801,148
11908,397,211,801,148
11909,398,211,801,148
11910,399,211,801,148
11911,400,211,801,148
11912,401,211,801,148
11913,402,211,801,148
11914,403,211,801,148
11915,404,211,801,148
11916,405,211,801,148
11917,406,211,801,148
11918,407,211,801,148
11919,408,211,801,148
11920,409,211,801,148
11921,410,211,801,148
11922,411,211,801,148
11923,412,211,801,148
11924,413,211,801,148
11925,414,211,801,148
11926,415,211,801,148
11927,416,211,801,148
11928,417,211,801,148
11929,418,211,801,148
11930,419,211,801,148
11931,420,211,801,148
11932,421,211,801,148
11933,422,211,801,148
11934,423,211,801,148
11935,424,211,801,148
11936,425,211,801,148
11937,426,211,801,148
11938,427,211,801,148
11949,428,211,801,148
12033,429,211,801,148
12034,430,211,801,148
12035,431,211,801,148
12036,432,211,801,148
12037,433,211,801,148
12038,434,211,801,148
12039,435,211,801,148
12040,436,211,801,148
12041,437,211,801,148
12042,438,211,801,148
12043,439,211,801,148
12044,440,211,801,148
12045,441,211,801,148
12046,442,211,801,148
12047,443,211,801,148
12048,444,211,801,148
12049,445,211,801,148
12050,446,211,801,148
12051,447,211,801,148
12052,448,211,801,148
12053,449,211,801,148
12054,450,211,801,148
12055,451,211,801,148
12056,452,211,801,148
12057,453,211,801,148
12058,454,211,801,148
12059,455,211,801,148
12060,456,211,801,148
12061,457,211,801,148
12062,458,211,801,148
12063,459,211,801,148
12064,460,211,802,148
12065,461,211,803,148
12066,462,211,804,148
12067,463,211,805,148
12068,463,211,806,148
12069,463,211,807,148
12070,463,211,808,148
12071,463,211,809,148
12072,463,211,810,148
12073,463,211,811,148
12074,463,211,812,148
12079,464,211,812,148
12080,464,211,813,148
12081,464,211,814,148
12082,464,211,815,148
12083,464,211,816,148
12084,464,211,817,148
12085,464,211,818,148
12086,464,211,819,148
12087,464,211,820,148
12120,464,211,821,148
12125,464,211,822,148
12126,464,211,823,148
12127,464,211,824,148
12128,464,211,825,148
12129,464,211,826,148
12130,464,211,827,148
12131,464,211,828,148
12190,464,211,829,148
12689,465,211,829,148
12690,466,211,829,148
12691,467,211,829,148
12692,468,211,829,148
12693,469,211,829,148
12694,470,211,829,148
12695,471,211,829,148
12696,472,211,829,148
12697,473,211,829,148
12698,474,211,829,148
12699,475,211,829,148
12702,475,211,829,149
12703,475,211,829,150
12704,475,211,829,151
12705,475,211,829,152
12706,475,211,829,153
12707,475,211,829,154
12708,475,211,829,155
12709,475,211,829,156
12710,475,211,829,157
12711,475,211,829,158
12712,475,211,829,159
12713,475,211,829,160
12714,475,211,829,161
12715,475,211,829,162
12716,475,211,829,163
12717,475,211,829,164
12718,475,211,829,165
12719,475,211,829,166
12720,475,211,829,167
12721,475,211,829,168
12722,475,211,829,169
12723,475,211,829,170
12724,475,211,829,171
12725,475,211,829,172
12726,475,211,829,173
12727,475,211,829,174
12728,475,211,829,175
12729,475,211,829,176
12730,475,211,829,177
12731,475,211,829,178
12732,475,211,829,179
12733,475,211,829,180
12734,475,211,829,181
12735,475,211,829,182
12736,475,211,829,183
12737,475,211,829,184
12738,475,211,829,185
12739,475,211,829,186
12740,475,211,829,187
12741,475,211,829,188
12742,475,211,829,189
12743,475,211,829,190
12744,475,211,829,191
12745,475,211,829,192
12746,475,211,829,193
12747,475,211,829,194
12748,475,211,829,195
12749,475,211,829,196
12834,475,211,829,197
12835,475,211,829,198
12836,475,211,829,199
12837,475,211,829,200
12838,475,211,829,201
12885,475,211,829,202
12886,475,211,829,203
12887,475,211,829,204
12888,475,211,829,205
12889,475,211,829,206
12890,475,211,829,207
12891,475,211,829,208
12900,475,211,829,209
12901,475,211,829,210
12902,475,211,829,211
12903,475,211,829,212
12904,475,211,829,213
12905,475,211,829,214
12906,475,211,829,215
12979,475,211,830,215
13019,476,211,831,215
13029,476,211,832,215
13030,476,211,833,215
13031,476,211,834,215
13032,476,211,835,215
13033,476,211,836,215
13034,476,211,837,215
13035,476,211,838,215
13036,476,211,839,215
13037,476,211,840,215
13038,476,211,841,215
13039,476,211,842,215
13040,476,211,843,215
13041,477,211,844,215
13042,478,211,845,215
13043,479,211,845,215
13044,480,211,845,215
13045,481,211,845,215
13046,482,211,845,215
13047,483,211,845,215
13048,484,211,845,215
13049,485,211,845,215
13050,486,211,845,215
13051,487,211,845,215
13052,488,211,845,215
13053,489,211,845,215
13054,490,211,845,215
13055,491,211,845,215
13056,492,211,845,215
13057,493,211,845,215
13058,494,211,845,215
13059,495,211,845,215
13060,496,211,845,215
13061,497,211,845,215
13062,498,211,845,215
13063,499,211,845,215
13064,500,211,845,215
13065,501,211,845,215
13066,502,211,845,215
13067,503,211,846,215
13068,504,211,847,215
13069,505,211,848,215
13070,506,211,849,215
13071,507,211,850,215
13072,508,211,851,215
13073,509,211,852,215
13074,510,211,853,215
13075,510,211,854,215
13076,510,211,855,215
13081,510,211,856,215
13094,510,211,857,215
13095,510,211,858,215
13096,510,211,859,215
13097,510,211,860,215
13098,510,211,861,215
13099,510,211,862,215
13100,510,211,863,215
13101,510,211,864,215
13102,510,211,865,215
13103,510,211,866,215
13104,510,211,867,215
13105,510,211,868,215
13106,510,211,869,215
13107,510,211,870,215
13108,510,211,871,215
13110,511,211,871,215
13111,512,211,871,215
13112,513,211,871,215
13113,514,211,871,215
13114,515,211,871,215
13115,516,211,871,215
13116,517,211,871,215
13117,518,211,871,215
13118,518,211,872,215
13119,518,211,873,215
13120,518,211,874,215
13121,518,211,875,215
13122,518,211,876,215
13123,518,211,877,215
13124,518,211,878,215
13125,518,211,879,215
13126,518,211,880,215
13127,518,211,881,215
13132,519,211,881,215
13133,520,211,881,215
13134,521,211,881,215
13135,522,211,881,215
13136,523,211,882,215
13137,523,211,883,215
13138,523,211,884,215
13139,523,211,885,215
13146,524,211,886,215
13152,524,211,887,215
13153,524,211,888,215
13154,524,211,889,215
13155,524,211,890,215
13156,524,211,891,215
13157,524,211,892,215
13158,525,211,893,215
13159,526,211,894,215
13160,527,211,895,215
13161,528,211,896,215
13162,529,211,897,215
13163,530,211,898,215
13164,530,211,899,215
13165,530,211,900,215
13166,530,211,901,215
13167,530,211,902,215
13168,530,211,903,215
13169,530,211,904,215
13170,530,211,905,215
13171,530,211,906,215
13172,530,211,907,215
13173,530,211,908,215
13174,530,211,909,215
13175,530,211,910,215
13176,530,211,911,215
13177,530,211,912,215
13178,530,211,913,215
13179,530,211,914,215
13180,530,211,915,215
13181,530,211,916,215
13182,530,211,917,215
13183,530,211,918,215
13184,530,211,919,215
13185,531,211,920,215
13186,532,211,921,215
13187,533,211,922,215
13188,534,211,923,215
13189,535,211,924,215
13190,535,211,925,215
13191,535,211,926,215
13192,535,211,927,215
13193,535,211,928,215
13194,535,211,929,215
13195,535,211,930,215
13196,535,211,931,215
13207,535,211,932,215
13212,535,211,933,215
13222,535,211,934,215
13223,535,211,935,215
13224,535,211,936,215
13225,535,211,937,215
13226,535,211,938,215
13227,535,211,939,215
13228,535,211,940,215
13229,535,211,941,215
13230,535,211,942,215
13231,535,211,943,215
13232,535,211,944,215
13239,535,211,945,215
13251,535,211,946,215
13252,535,211,947,215
13253,535,211,948,215
13254,535,211,949,215
13255,535,211,950,215
13290,536,211,950,215
13291,537,211,950,215
13292,538,211,950,215
13293,539,211,950,215
13294,540,211,950,215
13295,541,211,950,215
13341,541,211,951,215
13342,541,211,952,215
13343,541,211,953,215
13344,541,211,954,215
13345,541,211,955,215
13346,541,211,956,215
13347,541,211,957,215
13348,541,211,958,215
13349,541,211,959,215
13350,541,211,960,215
13351,541,211,961,215
13352,541,211,962,215
13353,541,211,963,215
13354,541,211,964,215
13355,541,211,965,215
13356,541,211,966,215
13357,541,211,967,215
13358,541,211,968,215
13359,541,211,969,215
13360,541,211,970,215
13361,541,211,971,215
13362,541,211,972,215
13363,541,211,973,215
13364,541,211,974,215
13365,541,211,975,215
13366,541,211,976,215
13367,541,211,977,215
13368,541,211,978,215
13369,541,211,979,215
13370,541,211,980,215
13371,541,211,981,215
13372,541,211,982,215
13373,541,211,983,215
13374,541,211,984,215
13375,541,211,985,215
13376,541,211,986,215
13377,541,211,987,215
13378,541,211,988,215
13379,541,211,989,215
13380,541,211,990,215
13381,541,211,991,215
13382,541,211,992,215
13383,541,211,993,215
13384,541,211,994,215
13385,541,211,995,215
13386,541,211,996,215
13387,541,211,997,215
13388,541,211,998,215
13389,541,211,999,215
13390,541,211,1000,215
13391,541,211,1001,215
13392,541,211,1002,215
13393,541,211,1003,215
13394,541,212,1004,215
13395,541,213,1005,215
13396,541,214,1005,215
13397,541,215,1005,215
13398,541,216,1005,215
13399,541,217,1005,215
13400,541,218,1005,215
13401,541,219,1005,215
13402,541,220,1005,215
13403,541,221,1005,215
13404,541,222,1005,215
13405,541,223,1005,215
13406,541,224,1005,215
13407,541,225,1005,215
13408,541,226,1005,215
13409,541,227,1005,215
13410,541,228,1005,215
13416,541,229,1005,215
13417,541,230,1005,215
13418,541,231,1005,215
13419,541,232,1005,215
13420,541,233,1005,215
13421,541,234,1005,215
13422,541,235,1005,215
13423,541,236,1005,215
13424,541,237,1005,215
13425,541,238,1005,215
13426,541,239,1005,215
13427,541,240,1005,215
13428,541,241,1005,215
13429,541,242,1005,215
13430,541,243,1005,215
13431,541,244,1005,215
13432,541,245,1005,215
13433,541,246,1005,215
13434,541,247,1005,215
13435,541,248,1005,215
13436,541,249,1005,215
13437,541,250,1005,215
13438,541,251,1005,215
13439,541,252,1005,215
13440,541,253,1005,215
13441,541,254,1005,215
13442,541,255,1005,215
13443,541,256,1005,215
13444,541,257,1005,215
13445,541,258,1005,215
13446,541,259,1005,215
13447,541,260,1005,215
13448,541,261,1005,215
13449,541,262,1005,215
13450,541,263,1005,215
13451,541,264,1005,215
13452,541,265,1005,215
13453,541,266,1005,215
13454,541,267,1005,215
13455,541,268,1005,215
13456,541,269,1005,215
13457,541,270,1005,215
13458,541,271,1005,215
13459,541,272,1005,215
13460,541,273,1005,215
13461,541,274,1005,215
13462,541,275,1005,215
13468,541,276,1005,215
13469,541,277,1005,215
13470,541,278,1005,215
13471,541,279,1005,215
13472,541,280,1005,215
13473,541,281,1005,215
13474,541,282,1005,215
13475,541,283,1005,215
13476,541,284,1005,215
13477,541,285,1005,215
13478,541,286,1005,215
13479,541,287,1005,215
13480,541,288,1005,215
13481,541,289,1005,215
13482,541,290,1005,215
13483,541,291,1005,215
13484,541,292,1005,215
13485,541,293,1005,215
13486,541,294,1005,215
13487,541,295,1005,215
13488,541,296,1005,215
13489,541,297,1005,215
13490,541,298,1005,215
13491,541,299,1005,215
13492,541,300,1005,215
13493,541,301,1005,215
13494,541,302,1005,215
13495,541,303,1005,215
13496,541,304,1005,215
13497,541,305,1005,215
13498,541,306,1005,215
13499,541,307,1005,215
13500,541,308,1005,215
13501,541,309,1005,215
13502,541,310,1005,215
13503,541,311,1005,215
13504,541,312,1005,215
13505,541,313,1005,215
13506,541,314,1005,215
13507,541,315,1005,215
13508,541,316,1005,215
13509,541,317,1005,215
13510,541,318,1005,215
13511,541,319,1005,215
13512,541,320,1005,215
13513,541,321,1005,215
13514,541,322,1005,215
13515,541,323,1005,215
13516,541,324,1005,215
13517,541,325,1005,215
13518,541,326,1005,215
13519,541,327,1005,215
13520,541,328,1005,215
13521,541,329,1005,215
13522,541,330,1005,215
13523,541,331,1005,215
13524,541,332,1005,215
13527,541,333,1005,215
13532,541,334,1005,215
13533,541,335,1005,215
13534,541,336,1005,215
13535,541,337,1005,215
13536,541,338,1005,215
13537,541,339,1005,215
13538,541,340,1005,215
13539,541,341,1005,215
13540,541,342,1005,215
13541,541,343,1005,215
13542,541,344,1005,215
13543,541,345,1005,215
13544,541,346,1005,215
13545,541,347,1005,215
13546,541,348,1005,215
13547,541,349,1005,215
13548,541,350,1005,215
13549,541,351,1005,215
13550,541,352,1005,215
13551,541,353,1005,215
13552,541,354,1005,215
13561,541,355,1005,215
13562,541,356,1005,215
13563,541,357,1005,215
13564,541,358,1005,215
13565,541,359,1005,215
13567,541,360,1005,215
13568,541,361,1005,215
13569,541,362,1005,215
13570,541,363,1005,215
13571,541,364,1005,215
13572,541,365,1005,215
13573,541,366,1005,215
13574,541,367,1005,215
13587,542,367,1005,215
13588,543,367,1005,215
13589,544,367,1005,215
13590,545,367,1005,215
13591,546,367,1005,215
13592,547,367,1005,215
13593,548,367,1005,215
13595,548,367,1006,215
13596,548,367,1007,215
13597,548,367,1008,215
13598,548,367,1009,215
13599,548,367,1010,215
13600,548,367,1011,215
13601,548,367,1012,215
13609,548,367,1013,215
13610,548,367,1014,215
13611,548,367,1015,215
13612,548,367,1016,215
13616,548,368,1016,215
13617,548,369,1016,215
13618,548,370,1016,215
13619,548,371,1016,215
13620,548,372,1016,215
13621,548,373,1016,215
13622,548,374,1016,215
13623,548,375,1016,215
13624,548,376,1016,215
13625,548,377,1016,215
13626,548,378,1016,215
13627,548,379,1016,215
13628,548,380,1016,215
13629,548,381,1016,215
13630,548,382,1016,215
13631,548,383,1016,215
13632,548,384,1016,215
13633,548,385,1016,215
13637,548,386,1016,215
13638,548,387,1016,215
13639,548,388,1016,215
13640,548,389,1016,215
13641,548,390,1016,215
13644,548,391,1016,215
13645,548,392,1016,215
13646,548,393,1016,215
13647,548,394,1016,215
13648,548,395,1016,215
13650,548,396,1016,215
13651,548,397,1016,215
13652,548,398,1016,215
13653,548,399,1016,215
13654,548,400,1016,215
13655,548,401,1016,215
13656,548,402,1016,215
13657,548,403,1016,215
13658,548,404,1016,215
13659,548,405,1016,215
13660,548,406,1016,215
13661,548,407,1016,215
13662,548,408,1016,215
13663,548,409,1016,215
13664,548,410,1016,215
13665,548,411,1016,215
13666,548,412,1016,215
13667,548,413,1016,215
13668,548,414,1016,215
13669,548,415,1016,215
13670,548,416,1016,215
13671,548,417,1016,215
13672,548,418,1016,215
13673,548,419,1016,215
13674,548,420,1016,215
13675,548,421,1016,215
13676,548,422,1016,215
13677,548,423,1016,215
13678,548,424,1016,215
13679,548,425,1016,215
13680,548,426,1016,215
13681,548,427,1016,215
13682,548,428,1016,215
13683,548,429,1016,215
13684,548,430,1016,215
13685,548,431,1016,215
13686,548,432,1016,215
13687,548,433,1016,215
13688,548,434,1016,215
13689,548,435,1016,215
13690,548,436,1016,215
13691,548,437,1016,215
13692,548,438,1016,215
13698,548,439,1016,215
13699,548,440,1016,215
13700,548,441,1016,215
13701,548,442,1016,215
13702,548,443,1016,215
13703,548,444,1016,215
13704,548,445,1016,215
13707,548,446,1016,215
13708,548,447,1016,215
13709,548,448,1016,215
13710,548,449,1016,215
13711,548,450,1016,215
13712,548,451,1016,215
13713,548,452,1016,215
13714,548,453,1016,215
13715,548,454,1016,215
13716,548,455,1016,215
13717,548,456,1016,215
13718,548,457,1016,215
13719,548,458,1016,215
13721,548,459,1016,215
13722,548,460,1016,215
13723,548,461,1016,215
13724,548,462,1016,215
13736,548,463,1016,215
13737,548,464,1016,215
13738,548,465,1016,215
13739,548,466,1016,215
13740,548,467,1016,215
13741,548,468,1016,215
13742,548,469,1016,215
13743,548,470,1016,215
13744,548,471,1016,215
13745,548,472,1016,215
13746,548,473,1016,215
13747,548,474,1016,215
13748,548,475,1016,215
13749,548,476,1016,215
13750,548,477,1016,215
13751,548,478,1016,215
13752,548,479,1016,215
13759,548,480,1016,215
13760,548,481,1016,215
13761,548,482,1016,215
13762,548,483,1016,215
13763,548,484,1016,215
13764,548,485,1016,215
13765,548,486,1016,215
13766,548,487,1016,215
13767,548,488,1016,215
13768,548,489,1016,215
13769,548,490,1016,215
13770,548,491,1016,215
13771,548,492,1016,215
13772,548,493,1016,215
13773,548,494,1016,215
13774,548,495,1016,215
13775,548,496,1016,215
13776,548,497,1016,215
13777,548,498,1016,215
13781,548,499,1016,215
13782,548,500,1016,215
13783,548,501,1016,215
13784,548,502,1016,215
13785,548,503,1016,215
13786,548,504,1016,215
13787,548,505,1016,215
13788,548,506,1016,215
13789,548,507,1016,215
13790,548,508,1016,215
13791,548,509,1016,215
13792,548,510,1016,215
13793,548,511,1016,215
13794,548,512,1016,215
13795,548,513,1016,215
13796,548,514,1016,215
13797,548,515,1016,215
13798,548,516,1016,215
13799,548,517,1016,215
13800,548,518,1016,215
13801,548,519,1016,215
13802,548,520,1016,215
13803,548,521,1016,215
13804,548,522,1016,215
13805,548,523,1016,215
13806,548,524,1016,215
13807,548,525,1016,215
13808,548,526,1016,215
13816,548,527,1016,215
13817,548,528,1016,215
13818,548,529,1016,215
13819,548,530,1016,215
13820,548,531,1016,215
13821,548,532,1016,215
13822,548,533,1016,215
13823,548,534,1016,215
13824,548,535,1016,215
13825,548,536,1016,215
13826,548,537,1016,215
13827,548,538,1016,215
13828,548,539,1016,215
13829,548,540,1016,215
13830,548,541,1016,215
13831,548,542,1016,215
13832,548,543,1016,215
13833,548,544,1016,215
13834,548,545,1016,215
13835,548,546,1016,215
13836,548,547,1016,215
13837,548,548,1016,215
13838,548,549,1016,215
13839,548,550,1016,215
13840,548,551,1016,215
13841,548,552,1016,215
13842,548,553,1016,215
13843,548,554,1016,215
13844,548,555,1016,215
13846,548,556,1016,215
13847,548,557,1016,215
13848,548,558,1016,215
13849,548,559,1016,215
13850,548,560,1016,215
13851,548,561,1016,215
13852,548,562,1016,215
13853,548,563,1016,215
13854,548,564,1016,215
13855,548,565,1016,215
13856,548,566,1016,215
13857,548,567,1016,215
13858,548,568,1016,215
13859,548,569,1016,215
13860,548,570,1016,215
13861,548,571,1016,215
13862,548,572,1016,215
13863,548,573,1016,215
13864,548,574,1016,215
13865,548,575,1016,215
13866,548,576,1016,215
13867,548,577,1016,215
13868,548,578,1016,215
13869,548,579,1016,215
13870,548,580,1016,215
13871,548,581,1016,215
13872,548,582,1016,215
13873,548,583,1016,215
13874,548,584,1016,215
13875,548,585,1016,215
13876,548,586,1016,215
13877,548,587,1016,215
13878,548,588,1016,215
13879,548,589,1016,215
13880,548,590,1016,215
13881,548,591,1016,215
13882,548,592,1016,215
13886,548,593,1016,215
13887,548,594,1016,215
13888,548,595,1016,215
13889,548,596,1016,215
13890,548,597,1016,215
13891,548,598,1016,215
13892,548,599,1016,215
13893,548,600,1016,215
13955,549,600,1016,215
13956,550,600,1016,215
13957,551,600,1016,215
13958,552,600,1016,215
14040,553,600,1016,215
14120,554,600,1016,215
14121,555,600,1016,215
14122,556,600,1016,215
14475,556,600,1017,215
14476,556,600,1018,215
14477,556,600,1019,215
14478,556,600,1020,215
14479,556,600,1021,215
14480,556,600,1022,215
14481,556,600,1023,215
14482,556,600,1024,215
14483,556,600,1025,215
14484,556,600,1026,215
14485,556,600,1027,215
14486,556,600,1028,215
14487,556,600,1029,215
14488,556,600,1030,215
14489,556,600,1031,215
14490,556,600,1032,215
14491,556,600,1033,215
14492,556,600,1034,215
14493,557,600,1034,215
14494,558,600,1034,215
14495,559,600,1034,215
14496,560,600,1034,215
14497,561,600,1034,215
14498,562,600,1034,215
14499,563,600,1034,215
14500,564,600,1034,215
14501,565,600,1034,215
14502,566,600,1034,215
14503,567,600,1034,215
14504,568,600,1034,215
14505,569,600,1034,215
14506,570,600,1034,215
14507,571,600,1034,215
14508,572,600,1034,215
14509,573,600,1034,215
14510,574,600,1034,215
14511,575,600,1034,215
14512,576,600,1034,215
14513,577,600,1034,215
14514,578,600,1034,215
14515,579,600,1034,215
14516,580,600,1034,215
14517,581,600,1034,215
14518,582,600,1034,215
14519,583,600,1034,215
14520,584,600,1034,215
14521,585,600,1034,215
14522,586,600,1034,215
14523,587,600,1034,215
14524,588,600,1034,215
14525,589,600,1034,215
14526,590,600,1034,215
14527,591,600,1034,215
14528,592,600,1034,215
14529,593,600,1034,215
14530,594,600,1034,215
14531,595,600,1034,215
14532,596,600,1034,215
14533,597,600,1034,215
14534,598,600,1034,215
14535,599,600,1034,215
14536,600,600,1034,215
14537,601,600,1034,215
14538,602,600,1034,215
14539,603,600,1034,215
14540,604,600,1034,215
14541,605,600,1034,215
14542,606,600,1034,215
14543,607,600,1034,215
14544,608,600,1034,215
14545,609,600,1034,215
14546,610,600,1034,215
14547,611,600,1034,215
14548,612,600,1034,215
14549,613,600,1034,215
14550,614,600,1034,215
14551,615,600,1034,215
14552,616,600,1034,215
14553,617,600,1034,215
14554,618,600,1034,215
14555,619,600,1034,215
14570,620,600,1034,215
14571,621,600,1034,215
14572,622,600,1034,215
14573,623,600,1034,215
14587,624,600,1034,215
14588,625,600,1034,215
14589,626,600,1034,215
14590,627,600,1034,215
14591,628,600,1034,215
14597,628,600,1035,215
14598,629,600,1036,215
14599,630,600,1037,215
14600,631,600,1038,215
14601,632,600,1039,215
14602,633,600,1040,215
14603,634,600,1041,215
14604,635,600,1042,215
14605,636,600,1043,215
14606,637,600,1043,215
14607,638,600,1043,215
14608,639,600,1043,215
14609,640,600,1043,215
14610,641,600,1043,215
14611,642,600,1043,215
14612,643,600,1043,215
14613,644,600,1043,215
14614,645,600,1043,215
14615,646,600,1043,215
14616,647,600,1043,215
14617,648,600,1043,215
14618,649,600,1043,215
14619,650,600,1043,215
14620,651,600,1043,215
14621,652,600,1043,215
14622,653,600,1043,215
14623,654,600,1043,215
14624,655,600,1043,215
14625,656,600,1043,215
14626,657,600,1043,215
14627,658,600,1043,215
14628,659,600,1043,215
14629,660,600,1044,215
14630,661,600,1045,215
14631,661,600,1046,215
14632,661,600,1047,215
14633,661,600,1048,215
14634,662,600,1049,215
14635,663,600,1050,215
14636,664,600,1051,215
14637,665,600,1052,215
14638,666,600,1052,215
14639,667,600,1052,215
14640,668,600,1052,215
14641,669,600,1052,215
14643,670,600,1052,215
14644,671,600,1052,215
14645,672,600,1053,215
14646,673,600,1054,215
14647,674,600,1055,215
14648,675,600,1056,215
14649,676,600,1057,215
14650,677,600,1058,215
14651,678,600,1059,215
14652,679,600,1060,215
14653,680,600,1061,215
14654,680,600,1062,215
14655,680,600,1063,215
14678,681,600,1063,215
14679,682,600,1063,215
14680,683,600,1063,215
14681,684,600,1063,215
14682,685,600,1063,215
14683,686,600,1063,215
14685,687,600,1063,215
14686,688,600,1063,215
14687,689,600,1063,215
14688,690,600,1063,215
14689,691,600,1063,215
14690,692,600,1063,215
14721,693,600,1063,215
14730,694,600,1063,215
14731,695,600,1063,215
14732,696,600,1063,215
14733,697,600,1063,215
14736,698,600,1063,215
14740,699,600,1063,215
14741,700,600,1063,215
14742,701,600,1063,215
14743,702,600,1063,215
14744,703,600,1063,215
14745,704,600,1063,215
14746,705,600,1063,215
14747,706,600,1063,215
14748,707,600,1063,215
14757,708,600,1063,215
14761,709,600,1063,215
14762,710,600,1063,215
14763,711,600,1063,215
14764,712,600,1063,215
14768,713,600,1063,215
14769,714,600,1063,215
14770,715,600,1063,215
14771,716,600,1063,215
14789,717,600,1063,215
14790,718,600,1063,215
14791,719,600,1063,215
14792,720,600,1063,215
14793,721,600,1063,215
14804,722,600,1063,215
14805,723,600,1063,215
14806,724,600,1063,215
14807,725,600,1063,215
14810,726,600,1063,215
14811,727,600,1063,215
14812,728,600,1063,215
14813,729,600,1063,215
14814,730,600,1063,215
14815,731,600,1063,215
14816,732,600,1063,215
14817,733,600,1063,215
14818,734,600,1063,215
14819,735,600,1063,215
14820,736,600,1063,215
14821,737,600,1063,215
14822,738,600,1063,215
14823,739,600,1063,215
14824,740,600,1063,215
14825,741,600,1063,215
14826,742,600,1063,215
14827,743,600,1063,215
14828,744,600,1063,215
14829,745,600,1063,215
14830,746,600,1063,215
14831,747,600,1063,215
14832,748,600,1063,215
14833,749,600,1063,215
14834,750,600,1063,215
14835,751,600,1063,215
14836,752,600,1063,215
14837,753,600,1063,215
14838,754,600,1063,215
14839,755,600,1063,215
14840,756,600,1063,215
14841,757,600,1063,215
14842,758,600,1063,215
14843,759,600,1063,215
14844,760,600,1063,215
14845,761,600,1063,215
14846,762,600,1063,215
14847,763,600,1063,215
14848,764,600,1063,215
14849,765,600,1063,215
14850,766,600,1063,215
14851,767,600,1063,215
14852,768,600,1063,215
14853,769,600,1063,215
14854,770,600,1063,215
14855,771,600,1063,215
14856,772,600,1063,215
14857,773,600,1063,215
14858,774,600,1063,215
14859,775,600,1063,215
14860,776,600,1063,215
14861,777,600,1063,215
14862,778,600,1063,215
14863,779,600,1063,215
14864,780,600,1063,215
14865,781,600,1063,215
14866,782,600,1063,215
14867,783,600,1063,215
14868,784,600,1063,215
14869,785,600,1063,215
14870,786,600,1063,215
14871,787,600,1063,215
14872,788,600,1063,215
14873,789,600,1063,215
14914,789,600,1064,215
14940,790,600,1064,215
14941,791,600,1064,215
14942,792,600,1064,215
14943,793,600,1064,215
14944,794,600,1064,215
14945,795,600,1064,215
14946,796,600,1064,215
14947,797,600,1064,215
14948,798,600,1064,215
14949,799,600,1064,215
14950,800,600,1064,215
14951,801,600,1064,215
14952,802,600,1064,215
14953,803,600,1064,215
14954,804,600,1064,215
14955,805,600,1064,215
14956,806,600,1064,215
14957,807,600,1064,215
14958,808,600,1064,215
14959,809,600,1064,215
14960,810,600,1064,215
14961,811,600,1064,215
14962,812,600,1064,215
14963,813,600,1064,215
14964,814,600,1064,215
14965,815,600,1064,215
14966,816,600,1064,215
14967,817,600,1064,215
15062,818,600,1064,215
15073,819,600,1064,215
15074,820,600,1064,215
15075,821,600,1064,215
15076,822,600,1064,215
15077,823,600,1064,215
15079,824,600,1064,215
15080,825,600,1064,215
15081,826,600,1064,215
15082,827,600,1064,215
15083,828,600,1064,215
15084,829,600,1064,215
15085,830,600,1064,215
15086,831,600,1064,215
15087,832,600,1064,215
15088,833,600,1064,215
15092,834,600,1064,215
15093,835,600,1064,215
15094,836,600,1064,215
15095,837,600,1064,215
15096,838,600,1064,215
15097,839,600,1064,215
15101,840,600,1064,215
15102,841,600,1064,215
15103,842,600,1064,215
15104,843,600,1064,215
15105,844,600,1064,215
15106,845,600,1064,215
15149,846,600,1064,215
15150,847,600,1064,215
15151,848,600,1064,215
15152,849,600,1064,215
15176,849,600,1065,215
15177,849,600,1066,215
15178,849,600,1067,215
15179,849,600,1068,215
15180,849,600,1069,215
15187,850,600,1069,215
15188,851,600,1069,215
15189,852,600,1069,215
15190,853,600,1069,215
15191,854,600,1069,215
15198,855,600,1069,215
15199,856,600,1069,215
15200,857,600,1069,215
15201,858,600,1069,215
15202,859,600,1069,215
15203,860,600,1069,215
15206,861,600,1069,215
15207,862,600,1069,215
15208,863,600,1070,215
15209,864,600,1070,215
15211,865,600,1070,215
15212,866,600,1070,215
15213,867,600,1070,215
15214,868,600,1070,215
15219,869,600,1071,215
15220,870,600,1072,215
15221,871,600,1073,215
15222,872,600,1074,215
15223,873,600,1075,215
15224,874,600,1076,215
15228,875,600,1076,215
15229,876,600,1076,215
15230,877,600,1076,215
15231,878,600,1076,215
15232,879,600,1076,215
15233,880,600,1076,215
15234,881,600,1076,215
15235,882,600,1076,215
15236,883,600,1076,215
15237,884,600,1076,215
15238,885,600,1076,215
15239,886,600,1076,215
15243,887,600,1076,215
15244,888,600,1076,215
15245,889,600,1076,215
15246,890,600,1076,215
15247,891,600,1076,215
15248,892,600,1076,215
15249,893,600,1076,215
15278,893,601,1076,215
15279,893,602,1076,215
15280,893,603,1076,215
15281,893,604,1076,215
15282,893,605,1077,215
15283,893,606,1078,215
15284,893,607,1079,215
15285,893,608,1080,215
15286,893,609,1080,215
15287,893,610,1080,215
15288,893,611,1080,215
15289,893,612,1080,215
15290,893,613,1080,215
15291,893,614,1080,215
15292,893,615,1080,215
15293,893,616,1080,215
15294,893,617,1080,215
15295,893,618,1080,215
15296,893,619,1080,215
15297,893,620,1080,215
15298,893,621,1080,215
15299,893,622,1080,215
15300,893,623,1080,215
15301,893,624,1080,215
15302,893,625,1080,215
15303,893,626,1080,215
15304,893,627,1080,215
15305,893,628,1080,215
15306,893,629,1080,215
15321,893,630,1080,215
15322,893,631,1080,215
15323,893,632,1080,215
15324,893,633,1080,215
15325,893,634,1080,215
15326,893,635,1080,215
15327,893,636,1080,215
15328,893,637,1080,215
15329,893,638,1080,215
15330,893,639,1080,215
15331,893,640,1080,215
15332,893,641,1080,215
15333,893,642,1080,215
15334,893,643,1080,215
15335,893,644,1080,215
15336,893,645,1080,215
15337,893,646,1080,215
15338,893,647,1080,215
15339,893,648,1080,215
15340,893,649,1080,215
15341,893,650,1080,215
15342,893,651,1080,215
15343,893,652,1080,215
15344,893,653,1080,215
15345,893,654,1080,215
15346,893,655,1080,215
15350,893,655,1081,215
15351,893,655,1082,215
15352,893,656,1083,215
15353,893,657,1084,215
15354,893,658,1085,215
15355,893,658,1086,215
15356,893,658,1087,215
15357,893,658,1088,215
15358,893,658,1089,215
15359,893,658,1090,215
15360,893,658,1091,215
15361,893,659,1092,215
15362,893,660,1093,215
15363,893,661,1093,215
15364,893,662,1093,215
15365,893,663,1093,215
15366,893,664,1093,215
15367,893,665,1093,215
15368,893,666,1093,215
15369,893,667,1093,215
15370,893,668,1093,215
15371,893,669,1093,215
15372,893,670,1093,215
15373,893,671,1093,215
15374,893,672,1093,215
15375,893,673,1093,215
15376,893,674,1093,215
15377,893,675,1093,215
15378,893,676,1093,215
15379,893,677,1093,215
15380,893,678,1093,215
15381,893,679,1093,215
15382,893,680,1093,215
15383,893,681,1093,215
15384,893,682,1093,215
15385,893,683,1093,215
15386,893,684,1093,215
15387,893,685,1093,215
15388,893,686,1093,215
15389,893,687,1093,215
15390,893,688,1093,215
15391,893,689,1093,215
15392,893,690,1093,215
15393,893,691,1093,215
15394,893,692,1093,215
15395,893,693,1093,215
15396,893,694,1093,215
15397,893,695,1093,215
15398,893,696,1093,215
15399,893,697,1093,215
15400,893,698,1093,215
15401,893,699,1093,215
15402,893,700,1093,215
15403,893,701,1093,215
15404,893,702,1093,215
15405,893,703,1093,215
15406,893,704,1093,215
15407,893,705,1093,215
15408,893,706,1093,215
15409,893,707,1093,215
15410,893,708,1093,215
15411,893,709,1093,215
15412,893,710,1093,215
15413,893,711,1093,215
15414,893,712,1093,215
15415,893,713,1093,215
15416,893,714,1093,215
15417,893,715,1093,215
15418,893,716,1093,215
15419,893,717,1093,215
15420,893,718,1093,215
15421,893,719,1094,215
15422,893,719,1095,215
15423,893,719,1096,215
15424,893,719,1097,215
15425,893,719,1098,215
15426,893,719,1099,215
15432,893,719,1100,215
15433,893,719,1101,215
15434,893,719,1102,215
15435,893,719,1103,215
15436,893,719,1104,215
15437,893,719,1105,215
15438,893,719,1106,215
15439,893,719,1107,215
15440,893,719,1108,215
15441,893,719,1109,215
15442,893,719,1110,215
15443,893,719,1111,215
15444,893,719,1112,215
15445,893,719,1113,215
15446,893,719,1114,215
15447,893,719,1115,215
15454,893,719,1116,215
15455,893,719,1117,215
15456,893,719,1118,215
15457,893,719,1119,215
15458,893,719,1120,215
15459,893,719,1121,215
15460,893,719,1122,215
15461,893,719,1123,215
15462,893,719,1124,215
15463,893,719,1125,215
15466,893,719,1126,215
15469,893,719,1127,215
15470,893,719,1128,215
15471,893,719,1129,215
15472,893,719,1130,215
15477,893,719,1131,215
15478,893,719,1132,215
15479,893,719,1133,215
15480,893,719,1134,215
15481,893,719,1135,215
15482,893,720,1135,215
15483,893,721,1135,215
15484,893,722,1136,215
15485,893,723,1137,215
15486,893,724,1138,215
15487,893,725,1139,215
15488,893,726,1140,215
15489,893,727,1141,215
15490,893,728,1141,215
15491,893,729,1141,215
15492,893,730,1141,215
15493,893,731,1141,215
15494,893,732,1141,215
15495,893,733,1141,215
15496,893,734,1141,215
15497,893,735,1141,215
15498,893,736,1141,215
15499,893,737,1141,215
15500,893,738,1141,215
15501,893,739,1141,215
15502,893,740,1141,215
15503,893,741,1141,215
15506,893,742,1141,215
15507,893,743,1141,215
15508,893,744,1141,215
15509,893,745,1141,215
15510,893,746,1141,215
15511,893,747,1141,215
15512,893,748,1141,215
15513,893,749,1141,215
15514,893,750,1141,215
15515,893,751,1141,215
15533,893,752,1141,215
15534,893,753,1141,215
15535,893,754,1141,215
15536,893,755,1141,215
15537,893,756,1141,215
15538,893,757,1141,215
15539,893,758,1141,215
15540,893,759,1141,215
15541,893,760,1141,215
15542,893,761,1141,215
15543,893,762,1141,215
15544,893,763,1141,215
15545,893,764,1141,215
15557,893,765,1141,215
15558,893,766,1141,215
15559,893,767,1141,215
15572,893,768,1141,215
15573,893,769,1141,215
15574,893,770,1141,215
15575,893,771,1141,215
15576,893,772,1141,215
15577,893,773,1141,215
15578,893,774,1141,215
15579,893,775,1141,215
15580,893,776,1141,215
15581,893,777,1141,215
15582,893,778,1141,215
15586,893,779,1141,215
15587,893,780,1141,215
15588,893,781,1141,215
15589,893,782,1141,215
15590,893,783,1141,215
15591,893,784,1141,215
15592,893,785,1141,215
15593,893,786,1141,215
15594,893,787,1141,215
15595,893,788,1141,215
15596,893,789,1141,215
15597,893,790,1141,215
15598,893,791,1141,215
15599,893,792,1141,215
15600,893,793,1141,215
15620,893,794,1141,215
15621,893,795,1141,215
15622,893,796,1141,215
15623,893,797,1141,215
15624,893,798,1141,215
15625,893,799,1141,215
15626,893,800,1141,215
15627,893,801,1141,215
15628,893,802,1141,215
15629,893,803,1141,215
15630,893,804,1141,215
15631,893,805,1141,215
15632,893,806,1141,215
15633,893,807,1141,215
15634,893,808,1141,215
15635,893,809,1141,215
15683,893,809,1142,215
15684,893,809,1143,215
15685,893,809,1144,215
15686,893,809,1145,215
15687,893,809,1146,215
15688,893,809,1147,215
15689,893,809,1148,215
15690,893,809,1149,215
15720,893,810,1149,215
15732,893,811,1149,215
15733,893,812,1149,215
15734,893,813,1149,215
15735,893,814,1149,215
15736,893,815,1149,215
15737,893,816,1149,215
15738,893,817,1149,215
15739,893,818,1149,215
15740,893,819,1149,215
15741,893,820,1149,215
15742,893,821,1149,215
15743,893,822,1149,215
15744,893,823,1149,215
15745,893,824,1149,215
15746,893,825,1149,215
15747,893,826,1149,215
15748,893,827,1149,215
15749,893,828,1149,215
15750,893,829,1149,215
15751,893,830,1149,215
15752,893,831,1149,215
15753,893,832,1149,215
15754,893,833,1149,215
15755,893,834,1149,215
15756,893,835,1149,215
15761,893,836,1149,215
15762,893,837,1149,215
15763,893,838,1149,215
15764,893,839,1149,215
15765,893,840,1149,215
15766,893,841,1149,215
15767,893,842,1149,215
15768,893,843,1149,215
15769,893,844,1149,215
15770,893,845,1149,215
15771,893,846,1149,215
15772,893,847,1149,215
15773,893,848,1149,215
15775,893,849,1149,215
15776,893,850,1149,215
15777,893,851,1149,215
15778,893,852,1149,215
15779,893,853,1149,215
15780,893,854,1149,215
15781,893,855,1149,215
15782,893,856,1149,215
15783,893,857,1149,215
15784,893,858,1149,215
15785,893,859,1149,215
15786,893,860,1149,215
15787,893,861,1149,215
15788,893,862,1149,215
15789,893,863,1149,215
15790,893,864,1149,215
15791,893,865,1149,215
15792,893,866,1149,215
15793,893,867,1149,215
15794,893,868,1149,215
15795,893,869,1149,215
15796,893,870,1149,215
15797,893,871,1149,215
15798,893,872,1149,215
15799,893,873,1149,215
15800,893,874,1149,215
15801,893,875,1149,215
15802,893,876,1149,215
15803,893,877,1149,215
15804,893,878,1149,215
15805,893,879,1149,215
15806,893,880,1149,215
15807,893,881,1149,215
15808,893,882,1149,215
15809,893,883,1149,215
15813,893,884,1149,215
15814,893,885,1149,215
15815,893,886,1149,215
15816,893,887,1149,215
15817,893,888,1149,215
15827,894,888,1149,215
15828,895,888,1149,215
15829,896,888,1149,215
15830,897,888,1149,215
15832,898,888,1149,215
15833,899,888,1149,215
15834,900,888,1149,215
15835,901,888,1149,215
15836,902,888,1149,215
15837,903,888,1149,215
15838,904,888,1149,215
15839,905,888,1149,215
15840,906,888,1149,215
15841,907,888,1149,215
15842,908,888,1149,215
15843,909,888,1149,215
15844,910,888,1149,215
15845,911,888,1149,215
15846,912,888,1149,215
15847,913,888,1149,215
15848,914,888,1149,215
15849,915,888,1149,215
15850,916,888,1149,215
15851,917,888,1149,215
15852,918,888,1149,215
15853,919,888,1149,215
15854,920,888,1149,215
15855,921,888,1149,215
15856,922,888,1149,215
15857,923,888,1149,215
15858,924,888,1149,215
15859,925,888,1149,215
15860,926,888,1149,215
15861,927,888,1149,215
15862,928,888,1149,215
16057,929,888,1149,215
16058,930,888,1149,215
16059,931,888,1149,215
16060,932,888,1149,215
16061,933,888,1149,215
16062,934,888,1149,215
16063,935,888,1149,215
16064,936,888,1149,215
16065,937,888,1149,215
16066,938,888,1149,215
16067,939,888,1149,215
16068,940,888,1149,215
16069,941,888,1149,215
16070,942,888,1149,215
16071,943,888,1149,215
16072,944,888,1149,215
16073,945,888,1149,215
16074,946,888,1149,215
16075,947,888,1149,215
16082,947,888,1149,216
16083,947,888,1149,217
16084,947,888,1149,218
16085,947,888,1149,219
16086,947,888,1149,220
16087,947,888,1149,221
16088,947,888,1149,222
16089,947,888,1149,223
16090,947,888,1149,224
16091,947,888,1149,225
16092,947,888,1149,226
16093,947,888,1149,227
16094,947,888,1149,228
16095,947,888,1149,229
16096,947,888,1149,230
16097,947,888,1149,231
16098,947,888,1149,232
16099,947,888,1149,233
16100,947,888,1149,234
16101,947,888,1149,235
16102,947,888,1149,236
16107,948,888,1149,236
16108,949,888,1149,236
16109,950,888,1149,236
16110,951,888,1149,236
16111,952,888,1149,236
16112,953,888,1149,236
16113,954,888,1149,236
16114,955,888,1149,236
16115,956,888,1149,236
16116,957,888,1149,236
16117,958,888,1149,236
16118,959,888,1149,236
16119,960,888,1149,236
16120,961,888,1149,236
16121,962,888,1149,236
16122,963,888,1149,236
16123,964,888,1149,236
16124,965,888,1149,236
16127,966,888,1149,236
16148,967,888,1149,236
16154,968,888,1149,236
16155,969,888,1149,236
16156,970,888,1149,236
16157,971,888,1149,236
16158,972,888,1149,236
16159,973,888,1149,236
16160,974,888,1149,236
16161,975,888,1149,236
16162,976,888,1149,236
16163,977,888,1149,236
16164,978,888,1149,236
16165,979,888,1149,236
16166,980,888,1149,236
16167,981,888,1149,236
16168,982,888,1149,236
16169,983,888,1149,236
16180,984,888,1149,236
16188,985,888,1149,236
16189,986,888,1149,236
16190,987,888,1149,236
16191,988,888,1149,236
16192,989,888,1149,236
16193,990,888,1149,236
16194,991,888,1149,236
16195,992,888,1149,236
16196,993,888,1149,236
16197,994,888,1149,236
16198,995,888,1149,236
16199,996,888,1149,236
16200,997,888,1149,236
16201,998,888,1149,236
16202,999,888,1149,236
16203,1000,888,1149,236
16204,1001,888,1149,236
16205,1002,888,1149,236
16206,1003,888,1149,236
16207,1004,888,1149,236
16208,1005,888,1149,236
16209,1006,888,1149,236
16210,1007,888,1149,236
16211,1008,888,1149,236
16217,1009,888,1149,236
16218,1010,888,1149,236
16219,1011,888,1149,236
16220,1012,888,1149,236
16221,1013,888,1149,236
16222,1014,888,1149,236
16223,1015,888,1149,236
16224,1016,888,1149,236
16225,1017,888,1149,236
16226,1018,888,1149,236
16227,1019,888,1149,236
16228,1020,888,1149,236
16232,1021,888,1149,236
16233,1022,888,1149,236
16234,1023,888,1149,236
16235,1024,888,1149,236
16236,1025,888,1149,236
16237,1026,888,1149,236
16238,1027,888,1149,236
16245,1028,888,1149,236
16258,1029,888,1149,236
16259,1030,888,1149,236
16260,1031,888,1149,236
16261,1032,888,1149,236
16270,1033,888,1149,236
16271,1034,888,1149,236
16272,1035,888,1149,236
16273,1036,888,1149,236
16274,1037,888,1149,236
16275,1038,888,1149,236
16276,1039,888,1149,236
16277,1040,888,1149,236
16278,1041,888,1149,236
16279,1042,888,1149,236
16283,1043,888,1149,236
16424,1043,888,1150,236
16425,1043,888,1151,236
16426,1043,888,1152,236
16427,1043,888,1153,236
16428,1043,888,1154,236
16429,1043,888,1155,236
16430,1043,888,1156,236
16431,1043,888,1157,236
16432,1043,888,1158,236
16433,1043,888,1159,236
16434,1043,888,1160,236
16435,1043,888,1161,236
16436,1043,888,1162,236
16437,1043,888,1163,236
16438,1043,888,1164,236
16439,1043,888,1165,236
